1353	,
1397	,
1441	,
1485	,
1531	,
1577	,
1623	,
1671	,
1719	,
1767	,
1817	,
1866	,
1916	,
1967	,
2018	,
2070	,
2122	,
2175	,
2228	,
2282	,
2337	,
2392	,
2448	,
2504	,
2560	,
2617	,
2675	,
2732	,
2791	,
2850	,
2909	,
2969	,
3029	,
3090	,
3151	,
3213	,
3274	,
3337	,
3400	,
3462	,
3526	,
3590	,
3655	,
3719	,
3784	,
3849	,
3914	,
3980	,
4046	,
4112	,
4179	,
4245	,
4312	,
4380	,
4447	,
4515	,
4583	,
4650	,
4718	,
4787	,
4855	,
4923	,
4992	,
5061	,
5130	,
5198	,
5267	,
5336	,
5405	,
5474	,
5542	,
5611	,
5680	,
5749	,
5818	,
5886	,
5955	,
6024	,
6092	,
6160	,
6229	,
6297	,
6365	,
6432	,
6499	,
6567	,
6634	,
6700	,
6767	,
6833	,
6899	,
6965	,
7030	,
7095	,
7160	,
7225	,
7289	,
7353	,
7415	,
7478	,
7541	,
7602	,
7664	,
7725	,
7785	,
7845	,
7905	,
7964	,
8022	,
8081	,
8138	,
8195	,
8252	,
8307	,
8363	,
8418	,
8471	,
8525	,
8578	,
8630	,
8681	,
8733	,
8783	,
8833	,
8883	,
8930	,
8978	,
9025	,
9071	,
9116	,
9161	,
9205	,
9248	,
9291	,
9333	,
9374	,
9416	,
9454	,
9493	,
9532	,
9568	,
9605	,
9641	,
9675	,
9709	,
9743	,
9774	,
9806	,
9837	,
9866	,
9896	,
9925	,
9952	,
9978	,
10005	,
10029	,
10053	,
10077	,
10099	,
10121	,
10142	,
10162	,
10181	,
10201	,
10218	,
10234	,
10250	,
10265	,
10279	,
10293	,
10305	,
10317	,
10328	,
10338	,
10346	,
10355	,
10363	,
10369	,
10376	,
10381	,
10385	,
10390	,
10393	,
10395	,
10397	,
10397	,
10397	,
10397	,
10395	,
10392	,
10390	,
10386	,
10381	,
10376	,
10370	,
10363	,
10356	,
10348	,
10339	,
10330	,
10320	,
10310	,
10299	,
10287	,
10274	,
10261	,
10247	,
10233	,
10218	,
10203	,
10186	,
10170	,
10153	,
10135	,
10117	,
10099	,
10079	,
10059	,
10039	,
10017	,
9996	,
9975	,
9952	,
9929	,
9906	,
9882	,
9858	,
9834	,
9809	,
9783	,
9757	,
9731	,
9704	,
9678	,
9650	,
9623	,
9595	,
9566	,
9538	,
9509	,
9479	,
9449	,
9419	,
9389	,
9359	,
9329	,
9298	,
9266	,
9235	,
9203	,
9170	,
9138	,
9106	,
9073	,
9040	,
9007	,
8974	,
8941	,
8907	,
8873	,
8839	,
8804	,
8770	,
8735	,
8701	,
8666	,
8631	,
8596	,
8561	,
8526	,
8490	,
8455	,
8419	,
8383	,
8347	,
8312	,
8276	,
8240	,
8204	,
8167	,
8131	,
8095	,
8058	,
8022	,
7985	,
7949	,
7912	,
7875	,
7839	,
7802	,
7766	,
7729	,
7693	,
7656	,
7619	,
7583	,
7546	,
7509	,
7472	,
7436	,
7399	,
7362	,
7325	,
7288	,
7251	,
7214	,
7178	,
7141	,
7104	,
7067	,
7030	,
6993	,
6956	,
6920	,
6883	,
6846	,
6810	,
6773	,
6736	,
6699	,
6663	,
6626	,
6589	,
6553	,
6516	,
6480	,
6443	,
6407	,
6370	,
6333	,
6297	,
6260	,
6224	,
6187	,
6151	,
6114	,
6077	,
6041	,
6005	,
5968	,
5932	,
5895	,
5859	,
5822	,
5786	,
5749	,
5713	,
5676	,
5640	,
5604	,
5568	,
5532	,
5496	,
5460	,
5424	,
5388	,
5351	,
5316	,
5280	,
5244	,
5208	,
5172	,
5136	,
5100	,
5065	,
5029	,
4994	,
4959	,
4923	,
4888	,
4852	,
4817	,
4782	,
4747	,
4712	,
4677	,
4642	,
4607	,
4572	,
4538	,
4504	,
4469	,
4435	,
4401	,
4367	,
4333	,
4300	,
4266	,
4232	,
4198	,
4164	,
4130	,
4097	,
4063	,
4030	,
3997	,
3964	,
3932	,
3899	,
3867	,
3835	,
3803	,
3772	,
3740	,
3709	,
3678	,
3648	,
3618	,
3588	,
3558	,
3529	,
3499	,
3471	,
3442	,
3413	,
3385	,
3357	,
3329	,
3301	,
3275	,
3248	,
3222	,
3195	,
3169	,
3144	,
3119	,
3094	,
3069	,
3045	,
3021	,
2997	,
2974	,
2951	,
2929	,
2907	,
2884	,
2863	,
2842	,
2821	,
2801	,
2782	,
2762	,
2743	,
2725	,
2706	,
2689	,
2672	,
2655	,
2639	,
2623	,
2608	,
2593	,
2578	,
2564	,
2550	,
2537	,
2524	,
2512	,
2500	,
2489	,
2478	,
2468	,
2457	,
2448	,
2439	,
2431	,
2422	,
2415	,
2408	,
2401	,
2395	,
2389	,
2384	,
2379	,
2375	,
2370	,
2367	,
2364	,
2361	,
2359	,
2358	,
2356	,
2356	,
2355	,
2355	,
2356	,
2358	,
2359	,
2361	,
2364	,
2366	,
2370	,
2374	,
2377	,
2382	,
2387	,
2392	,
2398	,
2403	,
2410	,
2417	,
2424	,
2432	,
2440	,
2448	,
2457	,
2466	,
2476	,
2485	,
2496	,
2506	,
2516	,
2528	,
2539	,
2551	,
2563	,
2575	,
2588	,
2601	,
2614	,
2626	,
2640	,
2654	,
2667	,
2681	,
2695	,
2709	,
2723	,
2738	,
2752	,
2768	,
2783	,
2798	,
2813	,
2828	,
2843	,
2858	,
2874	,
2889	,
2905	,
2920	,
2935	,
2950	,
2965	,
2981	,
2996	,
3012	,
3027	,
3042	,
3057	,
3072	,
3087	,
3101	,
3116	,
3130	,
3145	,
3159	,
3173	,
3187	,
3200	,
3213	,
3226	,
3239	,
3252	,
3264	,
3276	,
3288	,
3299	,
3310	,
3321	,
3332	,
3342	,
3352	,
3361	,
3371	,
3379	,
3388	,
3396	,
3403	,
3410	,
3417	,
3424	,
3430	,
3436	,
3441	,
3445	,
3450	,
3454	,
3457	,
3461	,
3463	,
3465	,
3467	,
3468	,
3468	,
3468	,
3467	,
3466	,
3464	,
3462	,
3459	,
3456	,
3453	,
3449	,
3444	,
3439	,
3433	,
3427	,
3420	,
3412	,
3405	,
3397	,
3388	,
3378	,
3369	,
3358	,
3347	,
3335	,
3322	,
3309	,
3296	,
3282	,
3268	,
3253	,
3238	,
3222	,
3206	,
3189	,
3171	,
3154	,
3135	,
3116	,
3097	,
3077	,
3056	,
3036	,
3015	,
2993	,
2972	,
2948	,
2925	,
2902	,
2878	,
2854	,
2830	,
2804	,
2779	,
2753	,
2727	,
2700	,
2674	,
2646	,
2618	,
2590	,
2562	,
2533	,
2505	,
2476	,
2446	,
2417	,
2387	,
2357	,
2327	,
2296	,
2265	,
2234	,
2203	,
2171	,
2139	,
2107	,
2076	,
2044	,
2012	,
1979	,
1947	,
1914	,
1881	,
1849	,
1816	,
1783	,
1750	,
1717	,
1684	,
1651	,
1618	,
1586	,
1553	,
1520	,
1487	,
1455	,
1422	,
1389	,
1356	,
1324	,
1292	,
1260	,
1228	,
1196	,
1164	,
1132	,
1101	,
1069	,
1038	,
1007	,
977	,
946	,
917	,
887	,
857	,
828	,
798	,
770	,
741	,
713	,
685	,
657	,
630	,
603	,
577	,
551	,
525	,
499	,
474	,
449	,
425	,
402	,
378	,
355	,
332	,
310	,
289	,
267	,
246	,
226	,
206	,
186	,
167	,
148	,
129	,
111	,
94	,
77	,
61	,
45	,
30	,
15	,
1	,
-12	,
-25	,
-38	,
-51	,
-63	,
-75	,
-87	,
-97	,
-107	,
-117	,
-126	,
-134	,
-143	,
-150	,
-158	,
-165	,
-171	,
-176	,
-182	,
-187	,
-191	,
-196	,
-199	,
-202	,
-206	,
-207	,
-209	,
-211	,
-211	,
-211	,
-211	,
-210	,
-210	,
-209	,
-206	,
-204	,
-202	,
-198	,
-194	,
-191	,
-186	,
-181	,
-177	,
-171	,
-165	,
-159	,
-152	,
-145	,
-137	,
-130	,
-122	,
-114	,
-105	,
-95	,
-86	,
-76	,
-66	,
-56	,
-46	,
-35	,
-24	,
-12	,
-1	,
10	,
22	,
35	,
47	,
60	,
74	,
88	,
101	,
115	,
129	,
144	,
159	,
174	,
189	,
204	,
219	,
235	,
251	,
266	,
283	,
299	,
315	,
331	,
348	,
364	,
381	,
399	,
416	,
433	,
450	,
467	,
485	,
502	,
520	,
537	,
555	,
573	,
591	,
609	,
627	,
645	,
663	,
681	,
699	,
717	,
735	,
753	,
771	,
789	,
807	,
825	,
843	,
861	,
879	,
897	,
915	,
932	,
950	,
968	,
986	,
1004	,
1022	,
1040	,
1057	,
1075	,
1093	,
1110	,
1128	,
1145	,
1163	,
1180	,
1198	,
1215	,
1233	,
1251	,
1269	,
1287	,
1304	,
1322	,
1339	,
1357	,
1375	,
1393	,
1411	,
1429	,
1447	,
1466	,
1484	,
1502	,
1521	,
1539	,
1558	,
1576	,
1595	,
1613	,
1632	,
1651	,
1670	,
1689	,
1708	,
1727	,
1747	,
1766	,
1786	,
1806	,
1826	,
1845	,
1866	,
1886	,
1906	,
1927	,
1948	,
1968	,
1989	,
2011	,
2032	,
2053	,
2075	,
2096	,
2119	,
2141	,
2164	,
2186	,
2209	,
2232	,
2255	,
2279	,
2302	,
2326	,
2350	,
2375	,
2399	,
2424	,
2449	,
2474	,
2500	,
2526	,
2552	,
2579	,
2605	,
2632	,
2660	,
2687	,
2715	,
2743	,
2771	,
2800	,
2829	,
2858	,
2888	,
2918	,
2948	,
2979	,
3010	,
3040	,
3072	,
3103	,
3135	,
3167	,
3200	,
3233	,
3266	,
3300	,
3334	,
3368	,
3403	,
3437	,
3473	,
3508	,
3544	,
3580	,
3617	,
3654	,
3691	,
3728	,
3765	,
3803	,
3842	,
3880	,
3919	,
3958	,
3997	,
4037	,
4077	,
4117	,
4157	,
4198	,
4239	,
4281	,
4322	,
4364	,
4406	,
4448	,
4491	,
4533	,
4576	,
4619	,
4662	,
4706	,
4749	,
4793	,
4837	,
4880	,
4924	,
4969	,
5013	,
5057	,
5102	,
5147	,
5191	,
5236	,
5280	,
5324	,
5369	
