561	,
598	,
636	,
673	,
714	,
754	,
795	,
837	,
879	,
923	,
967	,
1012	,
1058	,
1106	,
1153	,
1202	,
1252	,
1302	,
1353	,
1405	,
1458	,
1512	,
1567	,
1622	,
1679	,
1737	,
1794	,
1854	,
1914	,
1974	,
2036	,
2098	,
2161	,
2226	,
2291	,
2357	,
2424	,
2491	,
2559	,
2628	,
2698	,
2768	,
2840	,
2912	,
2985	,
3059	,
3133	,
3209	,
3285	,
3362	,
3440	,
3518	,
3597	,
3677	,
3757	,
3837	,
3919	,
4001	,
4084	,
4168	,
4252	,
4336	,
4422	,
4507	,
4593	,
4681	,
4768	,
4856	,
4945	,
5033	,
5122	,
5213	,
5303	,
5393	,
5484	,
5575	,
5667	,
5759	,
5851	,
5943	,
6036	,
6129	,
6222	,
6316	,
6409	,
6503	,
6597	,
6690	,
6784	,
6878	,
6972	,
7066	,
7160	,
7254	,
7347	,
7441	,
7535	,
7628	,
7721	,
7815	,
7907	,
8000	,
8092	,
8184	,
8275	,
8367	,
8457	,
8548	,
8637	,
8727	,
8816	,
8904	,
8991	,
9079	,
9165	,
9251	,
9337	,
9421	,
9504	,
9588	,
9670	,
9751	,
9833	,
9912	,
9991	,
10069	,
10145	,
10221	,
10297	,
10370	,
10443	,
10514	,
10584	,
10653	,
10721	,
10787	,
10853	,
10917	,
10979	,
11041	,
11100	,
11158	,
11216	,
11270	,
11323	,
11377	,
11426	,
11475	,
11523	,
11567	,
11610	,
11653	,
11692	,
11731	,
11768	,
11801	,
11834	,
11865	,
11892	,
11920	,
11945	,
11966	,
11988	,
12006	,
12021	,
12036	,
12047	,
12056	,
12064	,
12069	,
12071	,
12073	,
12070	,
12065	,
12060	,
12050	,
12037	,
12025	,
12007	,
11988	,
11969	,
11942	,
11916	,
11888	,
11854	,
11820	,
11784	,
11743	,
11701	,
11657	,
11607	,
11558	,
11505	,
11447	,
11390	,
11328	,
11263	,
11197	,
11127	,
11053	,
10979	,
10900	,
10818	,
10736	,
10647	,
10557	,
10467	,
10369	,
10271	,
10172	,
10065	,
9959	,
9851	,
9736	,
9620	,
9503	,
9380	,
9256	,
9130	,
8997	,
8865	,
8730	,
8590	,
8449	,
8305	,
8156	,
8008	,
7854	,
7697	,
7540	,
7377	,
7212	,
7047	,
6876	,
6703	,
6530	,
6350	,
6169	,
5988	,
5799	,
5611	,
5421	,
5225	,
5029	,
4831	,
4627	,
4423	,
4217	,
4006	,
3795	,
3581	,
3363	,
3145	,
2924	,
2699	,
2474	,
2246	,
2014	,
1783	,
1547	,
1309	,
1072	,
830	,
586	,
343	,
94	,
-154	,
-403	,
-657	,
-912	,
-1167	,
-1427	,
-1687	,
-1947	,
-2212	,
-2477	,
-2743	,
-3012	,
-3281	,
-3551	,
-3824	,
-4098	,
-4372	,
-4649	,
-4926	,
-5205	,
-5485	,
-5765	,
-6047	,
-6330	,
-6613	,
-6898	,
-7183	,
-7468	,
-7756	,
-8043	,
-8331	,
-8620	,
-8909	,
-9198	,
-9488	,
-9779	,
-10069	,
-10360	,
-10651	,
-10942	,
-11234	,
-11525	,
-11816	,
-12107	,
-12398	,
-12689	,
-12980	,
-13270	,
-13560	,
-13850	,
-14139	,
-14428	,
-14715	,
-15003	,
-15289	,
-15575	,
-15860	,
-16144	,
-16428	,
-16711	,
-16992	,
-17272	,
-17553	,
-17830	,
-18108	,
-18385	,
-18658	,
-18931	,
-19203	,
-19472	,
-19741	,
-20009	,
-20274	,
-20538	,
-20801	,
-21060	,
-21319	,
-21576	,
-21829	,
-22083	,
-22333	,
-22581	,
-22828	,
-23072	,
-23313	,
-23555	,
-23791	,
-24025	,
-24259	,
-24488	,
-24715	,
-24943	,
-25162	,
-25382	,
-25601	,
-25813	,
-26025	,
-26235	,
-26439	,
-26642	,
-26843	,
-27038	,
-27232	,
-27424	,
-27610	,
-27795	,
-27977	,
-28154	,
-28331	,
-28502	,
-28669	,
-28836	,
-28997	,
-29155	,
-29312	,
-29462	,
-29609	,
-29756	,
-29895	,
-30032	,
-30169	,
-30296	,
-30422	,
-30548	,
-30664	,
-30780	,
-30894	,
-30999	,
-31104	,
-31206	,
-31300	,
-31394	,
-31484	,
-31566	,
-31648	,
-31726	,
-31798	,
-31869	,
-31935	,
-31995	,
-32054	,
-32108	,
-32156	,
-32205	,
-32245	,
-32283	,
-32320	,
-32348	,
-32374	,
-32401	,
-32416	,
-32431	,
-32445	,
-32449	,
-32452	,
-32455	,
-32447	,
-32439	,
-32429	,
-32410	,
-32390	,
-32368	,
-32338	,
-32307	,
-32273	,
-32232	,
-32191	,
-32145	,
-32093	,
-32041	,
-31983	,
-31921	,
-31858	,
-31789	,
-31716	,
-31643	,
-31562	,
-31478	,
-31395	,
-31303	,
-31210	,
-31117	,
-31015	,
-30912	,
-30808	,
-30696	,
-30584	,
-30470	,
-30348	,
-30227	,
-30103	,
-29972	,
-29842	,
-29708	,
-29569	,
-29431	,
-29288	,
-29141	,
-28994	,
-28843	,
-28688	,
-28533	,
-28373	,
-28211	,
-28048	,
-27881	,
-27712	,
-27543	,
-27368	,
-27191	,
-27015	,
-26833	,
-26651	,
-26468	,
-26280	,
-26091	,
-25902	,
-25709	,
-25515	,
-25320	,
-25122	,
-24923	,
-24723	,
-24519	,
-24316	,
-24111	,
-23904	,
-23697	,
-23487	,
-23277	,
-23066	,
-22853	,
-22639	,
-22424	,
-22208	,
-21991	,
-21774	,
-21555	,
-21336	,
-21116	,
-20895	,
-20673	,
-20452	,
-20229	,
-20006	,
-19783	,
-19559	,
-19335	,
-19111	,
-18887	,
-18662	,
-18437	,
-18213	,
-17988	,
-17764	,
-17539	,
-17314	,
-17090	,
-16866	,
-16642	,
-16419	,
-16195	,
-15972	,
-15750	,
-15529	,
-15307	,
-15087	,
-14867	,
-14647	,
-14429	,
-14212	,
-13994	,
-13779	,
-13563	,
-13348	,
-13136	,
-12923	,
-12711	,
-12502	,
-12292	,
-12084	,
-11878	,
-11672	,
-11468	,
-11266	,
-11064	,
-10863	,
-10665	,
-10467	,
-10271	,
-10077	,
-9883	,
-9693	,
-9503	,
-9314	,
-9129	,
-8944	,
-8759	,
-8579	,
-8400	,
-8220	,
-8046	,
-7872	,
-7698	,
-7529	,
-7360	,
-7192	,
-7029	,
-6867	,
-6705	,
-6548	,
-6391	,
-6236	,
-6084	,
-5932	,
-5784	,
-5639	,
-5494	,
-5351	,
-5212	,
-5072	,
-4937	,
-4804	,
-4671	,
-4542	,
-4415	,
-4288	,
-4166	,
-4046	,
-3925	,
-3810	,
-3695	,
-3580	,
-3472	,
-3364	,
-3257	,
-3154	,
-3052	,
-2951	,
-2855	,
-2759	,
-2665	,
-2575	,
-2485	,
-2397	,
-2313	,
-2230	,
-2149	,
-2071	,
-1993	,
-1919	,
-1846	,
-1774	,
-1706	,
-1640	,
-1574	,
-1512	,
-1451	,
-1391	,
-1335	,
-1280	,
-1225	,
-1175	,
-1125	,
-1076	,
-1032	,
-987	,
-944	,
-904	,
-864	,
-826	,
-792	,
-757	,
-724	,
-694	,
-664	,
-637	,
-611	,
-586	,
-563	,
-542	,
-521	,
-502	,
-485	,
-468	,
-453	,
-440	,
-426	,
-416	,
-407	,
-397	,
-391	,
-385	,
-379	,
-376	,
-373	,
-371	,
-371	,
-371	,
-372	,
-375	,
-378	,
-382	,
-388	,
-394	,
-401	,
-409	,
-418	,
-427	,
-437	,
-448	,
-459	,
-472	,
-484	,
-498	,
-512	,
-526	,
-541	,
-557	,
-572	,
-589	,
-605	,
-622	,
-639	,
-657	,
-675	,
-693	,
-711	,
-730	,
-749	,
-767	,
-787	,
-806	,
-825	,
-845	,
-864	,
-884	,
-903	,
-923	,
-943	,
-962	,
-981	,
-1001	,
-1020	,
-1039	,
-1058	,
-1076	,
-1095	,
-1114	,
-1131	,
-1149	,
-1166	,
-1184	,
-1201	,
-1218	,
-1234	,
-1250	,
-1265	,
-1280	,
-1296	,
-1310	,
-1324	,
-1338	,
-1351	,
-1364	,
-1376	,
-1388	,
-1399	,
-1410	,
-1420	,
-1430	,
-1440	,
-1449	,
-1458	,
-1467	,
-1474	,
-1481	,
-1488	,
-1493	,
-1498	,
-1503	,
-1507	,
-1511	,
-1515	,
-1517	,
-1519	,
-1521	,
-1521	,
-1521	,
-1521	,
-1520	,
-1518	,
-1516	,
-1513	,
-1510	,
-1506	,
-1502	,
-1498	,
-1492	,
-1485	,
-1479	,
-1471	,
-1463	,
-1455	,
-1445	,
-1436	,
-1426	,
-1415	,
-1403	,
-1391	,
-1378	,
-1365	,
-1352	,
-1337	,
-1322	,
-1307	,
-1291	,
-1274	,
-1257	,
-1240	,
-1222	,
-1203	,
-1184	,
-1165	,
-1145	,
-1124	,
-1103	,
-1082	,
-1060	,
-1038	,
-1015	,
-992	,
-968	,
-944	,
-920	,
-896	,
-871	,
-845	,
-819	,
-792	,
-766	,
-739	,
-712	,
-684	,
-657	,
-628	,
-600	,
-572	,
-542	,
-513	,
-484	,
-454	,
-425	,
-395	,
-364	,
-334	,
-303	,
-272	,
-241	,
-210	,
-179	,
-147	,
-116	,
-84	,
-52	,
-21	,
9	,
41	,
73	,
105	,
138	,
170	,
202	,
234	,
266	,
299	,
331	,
363	,
396	,
428	,
461	,
493	,
525	,
557	,
589	,
621	,
653	,
684	,
716	,
747	,
778	,
809	,
840	,
871	,
901	,
931	,
961	,
991	,
1021	,
1051	,
1080	,
1109	,
1138	,
1166	,
1195	,
1223	,
1251	,
1279	,
1307	,
1334	,
1361	,
1387	,
1413	,
1440	,
1465	,
1491	,
1516	,
1541	,
1565	,
1590	,
1614	,
1638	,
1662	,
1685	,
1708	,
1730	,
1753	,
1775	,
1797	,
1817	,
1838	,
1859	,
1879	,
1899	,
1919	,
1938	,
1957	,
1976	,
1995	,
2014	,
2033	,
2051	,
2070	,
2088	,
2105	,
2123	,
2140	,
2157	,
2174	,
2191	,
2207	,
2224	,
2241	,
2257	,
2273	,
2289	,
2304	,
2320	,
2335	,
2351	,
2366	,
2381	,
2396	,
2411	,
2426	,
2440	,
2455	,
2470	,
2485	,
2500	,
2514	,
2528	,
2543	,
2557	,
2572	,
2586	,
2601	,
2615	,
2630	,
2644	,
2659	,
2673	,
2688	,
2703	,
2718	,
2733	,
2748	,
2764	,
2779	,
2794	,
2809	,
2825	,
2840	,
2857	,
2873	,
2889	,
2906	,
2923	,
2940	,
2957	,
2974	,
2992	,
3010	,
3028	,
3046	,
3064	,
3083	,
3102	,
3122	,
3141	,
3161	,
3182	,
3202	,
3223	,
3245	,
3267	,
3289	,
3312	,
3334	,
3357	,
3381	,
3404	,
3429	,
3454	,
3479	,
3505	,
3530	,
3556	,
3583	,
3610	,
3637	,
3666	,
3694	,
3723	,
3752	,
3782	,
3812	,
3843	,
3874	,
3905	,
3937	,
3969	,
4002	,
4035	,
4068	,
4102	,
4137	,
4171	,
4207	,
4243	,
4278	,
4315	,
4352	,
4389	,
4427	,
4466	,
4504	,
4543	
