660	,
726	,
793	,
862	,
931	,
1004	,
1078	,
1154	,
1231	,
1310	,
1391	,
1473	,
1558	,
1643	,
1730	,
1819	,
1910	,
2002	,
2097	,
2192	,
2290	,
2388	,
2488	,
2589	,
2693	,
2797	,
2903	,
3010	,
3119	,
3228	,
3339	,
3452	,
3565	,
3680	,
3796	,
3913	,
4030	,
4150	,
4269	,
4391	,
4512	,
4635	,
4758	,
4883	,
5008	,
5133	,
5259	,
5386	,
5514	,
5642	,
5770	,
5898	,
6027	,
6156	,
6286	,
6416	,
6545	,
6674	,
6804	,
6934	,
7063	,
7193	,
7322	,
7450	,
7579	,
7707	,
7835	,
7962	,
8089	,
8215	,
8340	,
8464	,
8588	,
8712	,
8834	,
8955	,
9075	,
9194	,
9312	,
9429	,
9545	,
9658	,
9772	,
9883	,
9995	,
10103	,
10212	,
10318	,
10423	,
10526	,
10627	,
10727	,
10826	,
10922	,
11017	,
11110	,
11200	,
11290	,
11376	,
11462	,
11544	,
11626	,
11704	,
11782	,
11856	,
11929	,
11999	,
12067	,
12133	,
12198	,
12259	,
12319	,
12375	,
12430	,
12483	,
12533	,
12582	,
12627	,
12671	,
12711	,
12750	,
12786	,
12822	,
12852	,
12882	,
12908	,
12934	,
12955	,
12976	,
12993	,
13009	,
13022	,
13033	,
13042	,
13049	,
13053	,
13055	,
13056	,
13053	,
13049	,
13042	,
13035	,
13024	,
13012	,
12997	,
12981	,
12962	,
12942	,
12920	,
12897	,
12870	,
12843	,
12813	,
12782	,
12750	,
12715	,
12680	,
12642	,
12604	,
12563	,
12522	,
12478	,
12434	,
12388	,
12342	,
12293	,
12244	,
12193	,
12141	,
12088	,
12034	,
11980	,
11925	,
11868	,
11811	,
11752	,
11693	,
11634	,
11573	,
11513	,
11451	,
11390	,
11328	,
11265	,
11202	,
11138	,
11074	,
11010	,
10946	,
10882	,
10818	,
10753	,
10688	,
10624	,
10559	,
10494	,
10430	,
10365	,
10300	,
10237	,
10173	,
10110	,
10047	,
9984	,
9922	,
9860	,
9799	,
9738	,
9678	,
9618	,
9559	,
9500	,
9442	,
9385	,
9328	,
9273	,
9217	,
9163	,
9110	,
9057	,
9005	,
8954	,
8904	,
8854	,
8806	,
8758	,
8712	,
8666	,
8621	,
8577	,
8534	,
8492	,
8451	,
8411	,
8373	,
8335	,
8298	,
8263	,
8228	,
8194	,
8161	,
8130	,
8099	,
8070	,
8041	,
8014	,
7986	,
7962	,
7937	,
7914	,
7892	,
7871	,
7851	,
7832	,
7814	,
7796	,
7780	,
7764	,
7751	,
7737	,
7725	,
7713	,
7702	,
7692	,
7684	,
7676	,
7670	,
7663	,
7658	,
7653	,
7650	,
7647	,
7645	,
7644	,
7644	,
7644	,
7644	,
7646	,
7648	,
7651	,
7654	,
7658	,
7663	,
7668	,
7674	,
7681	,
7688	,
7696	,
7704	,
7713	,
7723	,
7733	,
7743	,
7753	,
7763	,
7774	,
7786	,
7797	,
7809	,
7821	,
7833	,
7845	,
7857	,
7870	,
7882	,
7895	,
7907	,
7920	,
7933	,
7945	,
7957	,
7970	,
7982	,
7994	,
8006	,
8018	,
8030	,
8042	,
8054	,
8065	,
8075	,
8086	,
8096	,
8106	,
8116	,
8125	,
8134	,
8142	,
8149	,
8156	,
8163	,
8170	,
8176	,
8181	,
8186	,
8190	,
8194	,
8197	,
8199	,
8201	,
8203	,
8204	,
8204	,
8203	,
8202	,
8200	,
8197	,
8193	,
8189	,
8184	,
8178	,
8172	,
8164	,
8156	,
8146	,
8136	,
8126	,
8115	,
8103	,
8089	,
8075	,
8061	,
8045	,
8029	,
8012	,
7994	,
7975	,
7955	,
7935	,
7913	,
7891	,
7867	,
7843	,
7819	,
7793	,
7767	,
7740	,
7712	,
7683	,
7653	,
7622	,
7591	,
7560	,
7527	,
7493	,
7459	,
7424	,
7389	,
7352	,
7316	,
7278	,
7241	,
7201	,
7162	,
7122	,
7082	,
7041	,
6999	,
6957	,
6915	,
6872	,
6829	,
6785	,
6741	,
6696	,
6652	,
6607	,
6561	,
6516	,
6469	,
6423	,
6377	,
6331	,
6285	,
6238	,
6191	,
6145	,
6098	,
6051	,
6004	,
5957	,
5911	,
5864	,
5818	,
5772	,
5727	,
5681	,
5635	,
5590	,
5545	,
5501	,
5456	,
5413	,
5369	,
5326	,
5284	,
5242	,
5201	,
5160	,
5120	,
5080	,
5041	,
5003	,
4965	,
4928	,
4892	,
4857	,
4823	,
4789	,
4756	,
4724	,
4694	,
4664	,
4635	,
4607	,
4580	,
4553	,
4528	,
4505	,
4482	,
4460	,
4439	,
4420	,
4401	,
4384	,
4367	,
4352	,
4338	,
4326	,
4314	,
4304	,
4294	,
4287	,
4280	,
4275	,
4271	,
4268	,
4266	,
4266	,
4266	,
4268	,
4272	,
4276	,
4282	,
4289	,
4298	,
4307	,
4318	,
4329	,
4343	,
4357	,
4374	,
4390	,
4409	,
4427	,
4448	,
4470	,
4493	,
4516	,
4541	,
4567	,
4594	,
4623	,
4652	,
4682	,
4714	,
4746	,
4779	,
4813	,
4847	,
4883	,
4920	,
4958	,
4996	,
5035	,
5075	,
5116	,
5158	,
5200	,
5243	,
5287	,
5332	,
5377	,
5422	,
5468	,
5515	,
5562	,
5609	,
5657	,
5706	,
5755	,
5805	,
5854	,
5904	,
5954	,
6005	,
6056	,
6106	,
6157	,
6209	,
6260	,
6311	,
6363	,
6414	,
6466	,
6518	,
6569	,
6620	,
6672	,
6723	,
6775	,
6826	,
6876	,
6927	,
6977	,
7027	,
7076	,
7126	,
7174	,
7223	,
7271	,
7318	,
7365	,
7412	,
7458	,
7504	,
7550	,
7594	,
7638	,
7681	,
7725	,
7767	,
7809	,
7850	,
7890	,
7929	,
7968	,
8006	,
8044	,
8081	,
8117	,
8153	,
8187	,
8221	,
8254	,
8286	,
8317	,
8348	,
8378	,
8407	,
8434	,
8462	,
8488	,
8514	,
8539	,
8564	,
8586	,
8609	,
8630	,
8651	,
8670	,
8689	,
8707	,
8725	,
8741	,
8756	,
8770	,
8784	,
8797	,
8809	,
8820	,
8830	,
8840	,
8849	,
8857	,
8864	,
8871	,
8875	,
8879	,
8883	,
8886	,
8888	,
8889	,
8889	,
8889	,
8888	,
8886	,
8883	,
8879	,
8875	,
8870	,
8865	,
8858	,
8851	,
8843	,
8834	,
8825	,
8815	,
8804	,
8794	,
8782	,
8769	,
8756	,
8743	,
8729	,
8713	,
8698	,
8682	,
8665	,
8647	,
8630	,
8611	,
8592	,
8573	,
8553	,
8532	,
8512	,
8490	,
8468	,
8445	,
8422	,
8399	,
8375	,
8351	,
8326	,
8301	,
8275	,
8249	,
8223	,
8196	,
8169	,
8141	,
8114	,
8086	,
8057	,
8028	,
7999	,
7970	,
7940	,
7910	,
7880	,
7850	,
7819	,
7788	,
7757	,
7725	,
7694	,
7662	,
7630	,
7598	,
7566	,
7534	,
7501	,
7469	,
7436	,
7403	,
7370	,
7337	,
7305	,
7272	,
7239	,
7206	,
7173	,
7141	,
7108	,
7075	,
7042	,
7009	,
6976	,
6944	,
6911	,
6879	,
6847	,
6816	,
6784	,
6753	,
6722	,
6691	,
6661	,
6630	,
6600	,
6570	,
6540	,
6511	,
6482	,
6454	,
6425	,
6397	,
6370	,
6342	,
6316	,
6289	,
6263	,
6238	,
6213	,
6189	,
6165	,
6141	,
6118	,
6096	,
6073	,
6052	,
6031	,
6011	,
5992	,
5973	,
5954	,
5936	,
5919	,
5903	,
5887	,
5872	,
5857	,
5843	,
5830	,
5817	,
5805	,
5794	,
5784	,
5774	,
5766	,
5757	,
5750	,
5743	,
5737	,
5733	,
5728	,
5725	,
5722	,
5720	,
5719	,
5719	,
5719	,
5720	,
5722	,
5725	,
5729	,
5733	,
5738	,
5744	,
5750	,
5758	,
5766	,
5775	,
5785	,
5796	,
5807	,
5819	,
5831	,
5844	,
5858	,
5872	,
5888	,
5903	,
5920	,
5936	,
5954	,
5972	,
5991	,
6010	,
6030	,
6050	,
6071	,
6092	,
6114	,
6137	,
6159	,
6182	,
6205	,
6228	,
6252	,
6276	,
6301	,
6325	,
6350	,
6375	,
6401	,
6426	,
6451	,
6477	,
6502	,
6528	,
6554	,
6579	,
6604	,
6630	,
6655	,
6681	,
6706	,
6731	,
6756	,
6780	,
6805	,
6830	,
6853	,
6877	,
6900	,
6924	,
6947	,
6969	,
6991	,
7012	,
7033	,
7054	,
7074	,
7094	,
7113	,
7132	,
7150	,
7168	,
7185	,
7201	,
7218	,
7233	,
7248	,
7261	,
7275	,
7287	,
7300	,
7311	,
7323	,
7332	,
7342	,
7351	,
7359	,
7366	,
7373	,
7379	,
7384	,
7388	,
7392	,
7395	,
7398	,
7400	,
7401	,
7401	,
7400	,
7399	,
7397	,
7396	,
7392	,
7389	,
7384	,
7379	,
7373	,
7366	,
7360	,
7352	,
7344	,
7336	,
7327	,
7317	,
7307	,
7296	,
7285	,
7274	,
7262	,
7250	,
7238	,
7224	,
7210	,
7196	,
7181	,
7167	,
7152	,
7137	,
7122	,
7106	,
7091	,
7076	,
7060	,
7044	,
7028	,
7012	,
6996	,
6980	,
6964	,
6948	,
6933	,
6917	,
6902	,
6886	,
6872	,
6857	,
6843	,
6828	,
6814	,
6801	,
6787	,
6775	,
6762	,
6750	,
6738	,
6727	,
6716	,
6706	,
6696	,
6686	,
6678	,
6670	,
6662	,
6656	,
6649	,
6644	,
6639	,
6635	,
6632	,
6629	,
6626	,
6625	,
6624	,
6624	,
6624	,
6625	,
6627	,
6630	,
6633	,
6637	,
6642	,
6647	,
6654	,
6661	,
6670	,
6678	,
6689	,
6700	,
6712	,
6725	,
6738	,
6753	,
6769	,
6786	,
6803	,
6822	,
6841	,
6861	,
6883	,
6905	,
6928	,
6953	,
6977	,
7003	,
7029	,
7058	,
7086	,
7116	,
7146	,
7177	,
7208	,
7241	,
7274	,
7309	,
7344	,
7380	,
7416	,
7453	,
7491	,
7530	,
7570	,
7610	,
7651	,
7693	,
7736	,
7778	,
7822	,
7866	,
7911	,
7956	,
8002	,
8049	,
8096	,
8143	,
8192	,
8240	,
8289	,
8339	,
8389	,
8440	,
8491	,
8543	,
8594	,
8646	,
8699	,
8752	
