-902	,
-858	,
-814	,
-767	,
-720	,
-670	,
-618	,
-564	,
-508	,
-451	,
-392	,
-331	,
-267	,
-202	,
-135	,
-67	,
4	,
75	,
150	,
226	,
305	,
385	,
467	,
551	,
637	,
724	,
813	,
904	,
996	,
1091	,
1186	,
1284	,
1382	,
1484	,
1585	,
1689	,
1794	,
1901	,
2008	,
2118	,
2228	,
2341	,
2453	,
2568	,
2683	,
2799	,
2917	,
3035	,
3155	,
3275	,
3397	,
3519	,
3642	,
3766	,
3891	,
4016	,
4142	,
4268	,
4395	,
4522	,
4650	,
4778	,
4906	,
5035	,
5164	,
5292	,
5421	,
5550	,
5679	,
5808	,
5937	,
6066	,
6194	,
6322	,
6450	,
6577	,
6704	,
6830	,
6956	,
7081	,
7206	,
7330	,
7453	,
7576	,
7697	,
7817	,
7937	,
8057	,
8174	,
8290	,
8405	,
8520	,
8632	,
8744	,
8854	,
8963	,
9070	,
9176	,
9281	,
9384	,
9486	,
9585	,
9684	,
9779	,
9875	,
9967	,
10058	,
10147	,
10235	,
10321	,
10404	,
10486	,
10566	,
10644	,
10719	,
10793	,
10864	,
10935	,
11001	,
11068	,
11130	,
11192	,
11251	,
11309	,
11363	,
11416	,
11467	,
11516	,
11562	,
11606	,
11649	,
11688	,
11727	,
11761	,
11796	,
11826	,
11856	,
11882	,
11908	,
11929	,
11950	,
11968	,
11985	,
11999	,
12012	,
12022	,
12030	,
12036	,
12040	,
12042	,
12042	,
12041	,
12037	,
12032	,
12024	,
12015	,
12004	,
11991	,
11976	,
11960	,
11942	,
11922	,
11901	,
11878	,
11853	,
11828	,
11801	,
11771	,
11741	,
11709	,
11677	,
11642	,
11606	,
11569	,
11531	,
11491	,
11451	,
11409	,
11366	,
11322	,
11278	,
11232	,
11185	,
11138	,
11089	,
11040	,
10990	,
10940	,
10888	,
10836	,
10783	,
10729	,
10675	,
10621	,
10566	,
10510	,
10454	,
10398	,
10341	,
10284	,
10227	,
10169	,
10111	,
10053	,
9995	,
9937	,
9879	,
9820	,
9762	,
9704	,
9645	,
9587	,
9529	,
9471	,
9413	,
9355	,
9297	,
9240	,
9183	,
9126	,
9070	,
9013	,
8958	,
8902	,
8847	,
8792	,
8738	,
8684	,
8630	,
8578	,
8526	,
8474	,
8422	,
8372	,
8321	,
8272	,
8222	,
8174	,
8125	,
8078	,
8031	,
7986	,
7940	,
7896	,
7852	,
7809	,
7766	,
7724	,
7682	,
7642	,
7602	,
7563	,
7525	,
7487	,
7450	,
7414	,
7379	,
7344	,
7310	,
7277	,
7245	,
7214	,
7183	,
7153	,
7124	,
7095	,
7068	,
7041	,
7015	,
6990	,
6965	,
6941	,
6918	,
6897	,
6876	,
6855	,
6835	,
6816	,
6798	,
6780	,
6764	,
6747	,
6732	,
6717	,
6703	,
6690	,
6678	,
6666	,
6655	,
6644	,
6635	,
6626	,
6618	,
6610	,
6603	,
6597	,
6591	,
6586	,
6581	,
6576	,
6572	,
6569	,
6566	,
6563	,
6560	,
6558	,
6556	,
6556	,
6555	,
6555	,
6555	,
6555	,
6555	,
6556	,
6558	,
6559	,
6561	,
6563	,
6566	,
6568	,
6571	,
6574	,
6577	,
6581	,
6584	,
6588	,
6592	,
6596	,
6599	,
6603	,
6607	,
6612	,
6616	,
6620	,
6624	,
6628	,
6633	,
6637	,
6641	,
6645	,
6650	,
6653	,
6657	,
6660	,
6664	,
6667	,
6670	,
6673	,
6676	,
6679	,
6681	,
6683	,
6685	,
6687	,
6688	,
6689	,
6690	,
6691	,
6691	,
6691	,
6690	,
6689	,
6687	,
6685	,
6683	,
6681	,
6677	,
6674	,
6670	,
6666	,
6661	,
6655	,
6649	,
6643	,
6636	,
6629	,
6621	,
6612	,
6603	,
6594	,
6584	,
6573	,
6563	,
6551	,
6539	,
6527	,
6514	,
6500	,
6486	,
6472	,
6457	,
6442	,
6426	,
6410	,
6393	,
6375	,
6357	,
6340	,
6321	,
6302	,
6283	,
6263	,
6243	,
6223	,
6202	,
6181	,
6160	,
6138	,
6116	,
6094	,
6071	,
6048	,
6025	,
6002	,
5978	,
5955	,
5931	,
5907	,
5883	,
5858	,
5834	,
5809	,
5785	,
5760	,
5735	,
5711	,
5686	,
5661	,
5636	,
5612	,
5587	,
5563	,
5539	,
5515	,
5491	,
5467	,
5444	,
5421	,
5398	,
5375	,
5352	,
5330	,
5309	,
5287	,
5266	,
5246	,
5226	,
5207	,
5188	,
5170	,
5152	,
5134	,
5117	,
5101	,
5085	,
5070	,
5056	,
5041	,
5029	,
5016	,
5004	,
4992	,
4982	,
4973	,
4963	,
4954	,
4947	,
4940	,
4934	,
4929	,
4924	,
4920	,
4917	,
4915	,
4914	,
4914	,
4914	,
4915	,
4917	,
4921	,
4925	,
4930	,
4936	,
4943	,
4950	,
4958	,
4967	,
4977	,
4989	,
5000	,
5013	,
5026	,
5041	,
5055	,
5072	,
5088	,
5106	,
5125	,
5145	,
5165	,
5186	,
5208	,
5230	,
5254	,
5278	,
5303	,
5328	,
5355	,
5382	,
5411	,
5439	,
5469	,
5498	,
5530	,
5561	,
5593	,
5625	,
5658	,
5692	,
5726	,
5761	,
5796	,
5831	,
5867	,
5904	,
5941	,
5978	,
6015	,
6053	,
6092	,
6130	,
6169	,
6207	,
6246	,
6285	,
6325	,
6364	,
6403	,
6442	,
6482	,
6521	,
6561	,
6600	,
6640	,
6679	,
6719	,
6758	,
6796	,
6835	,
6873	,
6911	,
6949	,
6987	,
7024	,
7060	,
7097	,
7133	,
7168	,
7203	,
7237	,
7271	,
7305	,
7338	,
7370	,
7401	,
7432	,
7462	,
7492	,
7521	,
7550	,
7577	,
7604	,
7630	,
7656	,
7681	,
7705	,
7728	,
7750	,
7772	,
7792	,
7813	,
7832	,
7850	,
7867	,
7884	,
7900	,
7915	,
7929	,
7941	,
7953	,
7965	,
7975	,
7985	,
7994	,
8001	,
8009	,
8014	,
8019	,
8023	,
8028	,
8030	,
8032	,
8033	,
8033	,
8031	,
8030	,
8027	,
8024	,
8020	,
8015	,
8009	,
8003	,
7996	,
7988	,
7979	,
7969	,
7959	,
7948	,
7936	,
7924	,
7910	,
7896	,
7882	,
7867	,
7851	,
7835	,
7818	,
7801	,
7783	,
7764	,
7745	,
7726	,
7706	,
7685	,
7664	,
7643	,
7621	,
7599	,
7577	,
7554	,
7531	,
7508	,
7485	,
7461	,
7437	,
7413	,
7389	,
7365	,
7340	,
7316	,
7291	,
7266	,
7241	,
7216	,
7191	,
7167	,
7142	,
7117	,
7092	,
7068	,
7043	,
7019	,
6994	,
6970	,
6947	,
6923	,
6899	,
6876	,
6853	,
6830	,
6807	,
6784	,
6762	,
6741	,
6719	,
6699	,
6678	,
6658	,
6638	,
6619	,
6599	,
6581	,
6564	,
6546	,
6529	,
6512	,
6496	,
6481	,
6466	,
6452	,
6438	,
6425	,
6412	,
6400	,
6388	,
6377	,
6367	,
6357	,
6348	,
6339	,
6331	,
6323	,
6317	,
6310	,
6305	,
6301	,
6296	,
6293	,
6290	,
6288	,
6286	,
6285	,
6285	,
6285	,
6286	,
6287	,
6288	,
6292	,
6295	,
6299	,
6303	,
6309	,
6315	,
6322	,
6329	,
6336	,
6344	,
6353	,
6363	,
6372	,
6383	,
6393	,
6405	,
6417	,
6430	,
6443	,
6457	,
6470	,
6485	,
6500	,
6516	,
6532	,
6548	,
6564	,
6581	,
6598	,
6616	,
6634	,
6653	,
6672	,
6691	,
6711	,
6731	,
6751	,
6771	,
6792	,
6813	,
6835	,
6856	,
6878	,
6900	,
6922	,
6944	,
6966	,
6989	,
7011	,
7034	,
7056	,
7079	,
7102	,
7125	,
7148	,
7171	,
7194	,
7216	,
7239	,
7262	,
7284	,
7307	,
7329	,
7351	,
7373	,
7395	,
7417	,
7438	,
7460	,
7481	,
7502	,
7522	,
7542	,
7562	,
7582	,
7602	,
7621	,
7639	,
7657	,
7675	,
7693	,
7710	,
7728	,
7744	,
7760	,
7775	,
7790	,
7804	,
7818	,
7832	,
7845	,
7857	,
7869	,
7880	,
7891	,
7902	,
7911	,
7920	,
7929	,
7937	,
7944	,
7951	,
7957	,
7963	,
7968	,
7972	,
7976	,
7979	,
7982	,
7984	,
7986	,
7986	,
7986	,
7986	,
7985	,
7983	,
7981	,
7978	,
7975	,
7970	,
7966	,
7961	,
7956	,
7950	,
7943	,
7936	,
7929	,
7920	,
7912	,
7902	,
7893	,
7883	,
7872	,
7862	,
7850	,
7838	,
7826	,
7814	,
7800	,
7787	,
7773	,
7758	,
7744	,
7729	,
7713	,
7698	,
7682	,
7666	,
7649	,
7632	,
7615	,
7598	,
7581	,
7563	,
7546	,
7527	,
7509	,
7491	,
7472	,
7454	,
7435	,
7417	,
7398	,
7379	,
7361	,
7343	,
7324	,
7305	,
7287	,
7268	,
7250	,
7232	,
7214	,
7196	,
7178	,
7160	,
7142	,
7124	,
7107	,
7090	,
7073	,
7057	,
7040	,
7024	,
7008	,
6993	,
6977	,
6963	,
6948	,
6934	,
6920	,
6907	,
6894	,
6882	,
6870	,
6858	,
6847	,
6836	,
6826	,
6816	,
6807	,
6798	,
6789	,
6781	,
6773	,
6766	,
6759	,
6753	,
6747	,
6742	,
6737	,
6733	,
6729	,
6726	,
6723	,
6721	,
6719	,
6718	,
6717	,
6717	,
6717	,
6717	,
6718	,
6720	,
6721	,
6723	,
6726	,
6728	,
6732	,
6735	,
6740	,
6744	,
6749	,
6754	,
6759	,
6765	,
6771	,
6777	,
6784	,
6790	,
6798	,
6805	,
6813	,
6820	,
6828	,
6837	,
6845	,
6854	,
6862	,
6871	,
6879	,
6888	,
6897	,
6907	,
6916	,
6925	,
6934	,
6943	,
6953	,
6962	,
6972	,
6981	,
6990	,
6999	,
7008	,
7018	,
7027	,
7036	,
7045	,
7054	,
7064	,
7073	,
7082	,
7090	,
7099	,
7108	,
7117	,
7125	,
7134	,
7142	,
7151	,
7160	,
7168	,
7176	,
7184	,
7192	,
7200	,
7208	,
7216	,
7224	,
7232	,
7240	,
7248	,
7256	,
7264	,
7272	,
7280	,
7288	,
7296	,
7304	,
7312	,
7320	,
7329	,
7337	,
7346	,
7354	,
7363	
