3602	,
3669	,
3736	,
3803	,
3871	,
3939	,
4007	,
4076	,
4145	,
4215	,
4285	,
4356	,
4426	,
4497	,
4567	,
4638	,
4710	,
4782	,
4854	,
4926	,
4998	,
5071	,
5144	,
5216	,
5289	,
5362	,
5435	,
5509	,
5583	,
5656	,
5730	,
5804	,
5878	,
5951	,
6025	,
6099	,
6173	,
6247	,
6321	,
6395	,
6468	,
6542	,
6615	,
6689	,
6762	,
6835	,
6909	,
6982	,
7055	,
7128	,
7201	,
7274	,
7346	,
7418	,
7490	,
7561	,
7633	,
7704	,
7775	,
7846	,
7917	,
7987	,
8057	,
8126	,
8196	,
8265	,
8334	,
8402	,
8470	,
8537	,
8605	,
8671	,
8737	,
8803	,
8868	,
8934	,
8998	,
9062	,
9125	,
9188	,
9251	,
9313	,
9374	,
9435	,
9496	,
9556	,
9616	,
9675	,
9733	,
9791	,
9848	,
9905	,
9961	,
10017	,
10072	,
10126	,
10180	,
10233	,
10286	,
10338	,
10388	,
10439	,
10489	,
10538	,
10587	,
10635	,
10682	,
10728	,
10774	,
10819	,
10864	,
10907	,
10950	,
10993	,
11035	,
11076	,
11117	,
11156	,
11194	,
11233	,
11270	,
11307	,
11344	,
11379	,
11414	,
11448	,
11481	,
11513	,
11545	,
11576	,
11606	,
11636	,
11665	,
11693	,
11721	,
11747	,
11773	,
11798	,
11823	,
11847	,
11870	,
11892	,
11914	,
11935	,
11955	,
11976	,
11994	,
12012	,
12030	,
12046	,
12062	,
12078	,
12092	,
12106	,
12120	,
12132	,
12144	,
12155	,
12165	,
12175	,
12184	,
12192	,
12200	,
12207	,
12213	,
12219	,
12224	,
12227	,
12231	,
12234	,
12235	,
12237	,
12238	,
12238	,
12238	,
12236	,
12234	,
12232	,
12228	,
12224	,
12219	,
12214	,
12208	,
12203	,
12195	,
12187	,
12180	,
12171	,
12162	,
12152	,
12141	,
12130	,
12118	,
12106	,
12094	,
12080	,
12066	,
12051	,
12036	,
12020	,
12004	,
11987	,
11970	,
11952	,
11933	,
11914	,
11895	,
11875	,
11854	,
11834	,
11812	,
11790	,
11767	,
11744	,
11720	,
11696	,
11671	,
11645	,
11620	,
11594	,
11568	,
11541	,
11513	,
11485	,
11456	,
11427	,
11398	,
11368	,
11338	,
11307	,
11276	,
11244	,
11213	,
11180	,
11147	,
11114	,
11080	,
11046	,
11012	,
10976	,
10941	,
10905	,
10869	,
10832	,
10796	,
10758	,
10720	,
10683	,
10644	,
10605	,
10566	,
10527	,
10487	,
10447	,
10407	,
10366	,
10324	,
10282	,
10240	,
10198	,
10156	,
10113	,
10070	,
10027	,
9983	,
9939	,
9895	,
9850	,
9806	,
9761	,
9716	,
9670	,
9624	,
9578	,
9532	,
9485	,
9438	,
9391	,
9343	,
9296	,
9249	,
9201	,
9153	,
9104	,
9056	,
9007	,
8958	,
8909	,
8860	,
8811	,
8762	,
8712	,
8663	,
8613	,
8563	,
8514	,
8464	,
8414	,
8364	,
8313	,
8263	,
8213	,
8162	,
8112	,
8061	,
8010	,
7960	,
7909	,
7858	,
7808	,
7757	,
7707	,
7656	,
7605	,
7555	,
7504	,
7453	,
7403	,
7352	,
7301	,
7251	,
7201	,
7151	,
7101	,
7051	,
7002	,
6952	,
6902	,
6853	,
6804	,
6755	,
6706	,
6657	,
6609	,
6560	,
6512	,
6464	,
6416	,
6369	,
6321	,
6274	,
6228	,
6181	,
6134	,
6089	,
6043	,
5997	,
5952	,
5907	,
5863	,
5819	,
5775	,
5732	,
5689	,
5646	,
5604	,
5562	,
5521	,
5480	,
5439	,
5398	,
5358	,
5319	,
5280	,
5241	,
5203	,
5165	,
5128	,
5091	,
5055	,
5019	,
4984	,
4948	,
4914	,
4879	,
4845	,
4812	,
4779	,
4747	,
4715	,
4684	,
4654	,
4624	,
4594	,
4565	,
4536	,
4508	,
4481	,
4455	,
4428	,
4403	,
4378	,
4353	,
4330	,
4307	,
4284	,
4263	,
4242	,
4221	,
4202	,
4182	,
4163	,
4145	,
4127	,
4111	,
4095	,
4079	,
4064	,
4049	,
4035	,
4022	,
4009	,
3997	,
3986	,
3975	,
3965	,
3956	,
3947	,
3938	,
3930	,
3923	,
3916	,
3911	,
3905	,
3900	,
3896	,
3891	,
3888	,
3885	,
3883	,
3881	,
3881	,
3880	,
3880	,
3881	,
3882	,
3884	,
3886	,
3889	,
3892	,
3896	,
3901	,
3906	,
3911	,
3917	,
3923	,
3930	,
3937	,
3946	,
3954	,
3963	,
3972	,
3982	,
3991	,
4002	,
4013	,
4024	,
4036	,
4048	,
4060	,
4072	,
4085	,
4098	,
4111	,
4125	,
4139	,
4154	,
4168	,
4183	,
4198	,
4213	,
4229	,
4246	,
4262	,
4278	,
4295	,
4311	,
4329	,
4346	,
4363	,
4381	,
4398	,
4416	,
4434	,
4452	,
4469	,
4487	,
4505	,
4523	,
4541	,
4559	,
4577	,
4595	,
4614	,
4632	,
4650	,
4668	,
4685	,
4703	,
4721	,
4739	,
4756	,
4774	,
4792	,
4809	,
4827	,
4843	,
4860	,
4876	,
4893	,
4909	,
4925	,
4940	,
4956	,
4971	,
4987	,
5002	,
5017	,
5031	,
5045	,
5059	,
5073	,
5086	,
5100	,
5112	,
5124	,
5136	,
5148	,
5160	,
5171	,
5181	,
5191	,
5201	,
5211	,
5220	,
5229	,
5237	,
5245	,
5253	,
5260	,
5267	,
5272	,
5278	,
5283	,
5288	,
5293	,
5297	,
5300	,
5304	,
5306	,
5308	,
5310	,
5311	,
5312	,
5312	,
5312	,
5311	,
5310	,
5308	,
5306	,
5304	,
5301	,
5297	,
5293	,
5288	,
5283	,
5278	,
5271	,
5265	,
5258	,
5250	,
5242	,
5234	,
5225	,
5215	,
5205	,
5194	,
5183	,
5171	,
5159	,
5147	,
5134	,
5120	,
5106	,
5091	,
5076	,
5060	,
5044	,
5027	,
5010	,
4993	,
4975	,
4957	,
4938	,
4918	,
4899	,
4879	,
4858	,
4837	,
4816	,
4794	,
4772	,
4749	,
4726	,
4703	,
4678	,
4654	,
4630	,
4605	,
4580	,
4554	,
4528	,
4502	,
4475	,
4448	,
4421	,
4393	,
4365	,
4336	,
4308	,
4279	,
4250	,
4220	,
4190	,
4160	,
4129	,
4099	,
4068	,
4037	,
4005	,
3974	,
3942	,
3910	,
3878	,
3845	,
3813	,
3781	,
3748	,
3715	,
3682	,
3649	,
3615	,
3582	,
3548	,
3515	,
3481	,
3447	,
3413	,
3379	,
3345	,
3311	,
3276	,
3242	,
3207	,
3173	,
3139	,
3104	,
3069	,
3035	,
3000	,
2965	,
2931	,
2896	,
2862	,
2828	,
2793	,
2759	,
2724	,
2690	,
2656	,
2622	,
2588	,
2553	,
2519	,
2485	,
2452	,
2418	,
2384	,
2351	,
2318	,
2284	,
2251	,
2218	,
2185	,
2153	,
2120	,
2088	,
2055	,
2023	,
1991	,
1959	,
1928	,
1896	,
1865	,
1834	,
1803	,
1773	,
1742	,
1713	,
1683	,
1654	,
1624	,
1595	,
1566	,
1537	,
1509	,
1481	,
1453	,
1425	,
1398	,
1371	,
1344	,
1318	,
1291	,
1265	,
1240	,
1214	,
1189	,
1164	,
1140	,
1115	,
1092	,
1069	,
1045	,
1023	,
1000	,
977	,
955	,
933	,
912	,
891	,
870	,
850	,
830	,
811	,
792	,
773	,
754	,
736	,
718	,
701	,
684	,
667	,
650	,
634	,
619	,
603	,
589	,
574	,
560	,
546	,
532	,
519	,
506	,
494	,
482	,
470	,
459	,
448	,
438	,
427	,
417	,
408	,
399	,
390	,
382	,
373	,
366	,
359	,
351	,
345	,
339	,
333	,
328	,
323	,
318	,
314	,
310	,
305	,
303	,
300	,
297	,
295	,
293	,
291	,
291	,
290	,
290	,
290	,
290	,
291	,
292	,
294	,
296	,
298	,
301	,
304	,
307	,
311	,
315	,
319	,
324	,
329	,
334	,
340	,
346	,
353	,
360	,
367	,
375	,
382	,
391	,
399	,
407	,
417	,
427	,
437	,
447	,
458	,
469	,
480	,
492	,
504	,
516	,
528	,
541	,
555	,
568	,
582	,
597	,
611	,
627	,
642	,
658	,
674	,
690	,
706	,
723	,
740	,
757	,
775	,
793	,
811	,
829	,
848	,
867	,
886	,
905	,
925	,
945	,
965	,
985	,
1006	,
1027	,
1048	,
1070	,
1091	,
1113	,
1136	,
1158	,
1181	,
1203	,
1226	,
1250	,
1273	,
1297	,
1322	,
1346	,
1371	,
1396	,
1422	,
1447	,
1473	,
1499	,
1525	,
1552	,
1579	,
1607	,
1634	,
1662	,
1690	,
1718	,
1747	,
1776	,
1805	,
1835	,
1864	,
1894	,
1923	,
1954	,
1984	,
2015	,
2046	,
2078	,
2109	,
2141	,
2173	,
2205	,
2238	,
2270	,
2303	,
2337	,
2370	,
2404	,
2438	,
2473	,
2507	,
2542	,
2577	,
2612	,
2648	,
2684	,
2720	,
2757	,
2794	,
2831	,
2868	,
2905	,
2943	,
2981	,
3019	,
3057	,
3096	,
3134	,
3173	,
3213	,
3252	,
3292	,
3332	,
3372	,
3413	,
3453	,
3494	,
3535	,
3577	,
3618	,
3660	,
3702	,
3744	,
3787	,
3829	,
3872	,
3915	,
3959	,
4002	,
4046	,
4090	,
4134	,
4179	,
4223	,
4268	,
4313	,
4358	,
4404	,
4450	,
4496	,
4542	,
4588	,
4634	,
4681	,
4727	,
4774	,
4821	,
4868	,
4915	,
4963	,
5011	,
5059	,
5107	,
5155	,
5203	,
5252	,
5300	,
5349	,
5397	,
5446	,
5495	,
5544	,
5593	,
5642	,
5691	,
5740	,
5789	,
5839	,
5888	,
5937	,
5986	,
6035	,
6084	,
6133	,
6183	,
6231	,
6280	,
6329	,
6378	,
6426	,
6475	,
6523	,
6572	,
6620	,
6668	,
6716	,
6764	,
6811	,
6858	,
6905	,
6951	,
6998	,
7044	,
7090	,
7135	,
7180	,
7225	,
7269	,
7313	,
7356	,
7399	,
7441	,
7483	,
7525	,
7566	,
7607	,
7647	,
7686	
